0.00000 0.30031 0.47702 0.31869 0.54341 0.31869 0.47191 0.58427
0.30031 0.00000 0.54954 0.44127 0.46272 0.44535 0.33299 0.51583
0.47702 0.54954 0.00000 0.58529 0.64658 0.29111 0.64045 0.69254
0.31869 0.44127 0.58529 0.00000 0.60674 0.50153 0.56691 0.63636
0.54341 0.46272 0.64658 0.60674 0.00000 0.62104 0.30133 0.49336
0.31869 0.44535 0.29111 0.50153 0.62104 0.00000 0.56180 0.63023
0.47191 0.33299 0.64045 0.56691 0.30133 0.56180 0.00000 0.33810
0.58427 0.51583 0.69254 0.63636 0.49336 0.63023 0.33810 0.00000
